  -1.0000000000000000        0.0000000000000000     
 -0.96999999999999997        0.0000000000000000     
 -0.93999999999999995        0.0000000000000000     
 -0.91000000000000003        0.0000000000000000     
 -0.88000000000000000        0.0000000000000000     
 -0.84999999999999998        0.0000000000000000     
 -0.82000000000000006        0.0000000000000000     
 -0.79000000000000004        0.0000000000000000     
 -0.76000000000000001        0.0000000000000000     
 -0.72999999999999998        0.0000000000000000     
 -0.69999999999999996        0.0000000000000000     
 -0.67000000000000004        0.0000000000000000     
 -0.64000000000000001        0.0000000000000000     
 -0.60999999999999999        0.0000000000000000     
 -0.58000000000000007        0.0000000000000000     
 -0.55000000000000004        0.0000000000000000     
 -0.52000000000000002        0.0000000000000000     
 -0.48999999999999999        0.0000000000000000     
 -0.45999999999999996        0.0000000000000000     
 -0.43000000000000005        0.0000000000000000     
 -0.40000000000000002        0.0000000000000000     
 -0.37000000000000000        0.0000000000000000     
 -0.34000000000000008        0.0000000000000000     
 -0.31000000000000005        0.0000000000000000     
 -0.28000000000000003        0.0000000000000000     
 -0.25000000000000000        0.0000000000000000     
 -0.21999999999999997        0.0000000000000000     
 -0.19000000000000006        0.0000000000000000     
 -0.16000000000000003        0.0000000000000000     
 -0.13000000000000000        0.0000000000000000     
 -0.10000000000000009        0.0000000000000000     
  -7.0000000000000062E-002   0.0000000000000000     
  -4.0000000000000036E-002   0.0000000000000000     
  -1.0000000000000009E-002   0.0000000000000000     
   2.0000000000000018E-002   5.2079436063541339E-002
   5.0000000000000044E-002   8.4278362597303355E-002
   8.0000000000000071E-002  0.11427209078279585     
  0.10999999999999988       0.14327540179329409     
  0.13999999999999990       0.17170857517464391     
  0.16999999999999993       0.19977098427317511     
  0.19999999999999996       0.22757423126917106     
  0.22999999999999998       0.25518772634272591     
  0.26000000000000001       0.28265798799631525     
  0.29000000000000004       0.31001803082666940     
  0.31999999999999984       0.33729240880369205     
  0.34999999999999987       0.36450013918727353     
  0.37999999999999989       0.39165650651979111     
  0.40999999999999992       0.41877423794945207     
  0.43999999999999995       0.44586430980721747     
  0.46999999999999997       0.47293653219578141     
  0.50000000000000000       0.49999999999999994     
  0.53000000000000003       0.52706346780421853     
  0.56000000000000005       0.55413569019278253     
  0.58999999999999986       0.58122576205054799     
  0.61999999999999988       0.60834349348020900     
  0.64999999999999991       0.63549986081272647     
  0.67999999999999994       0.66270759119630795     
  0.70999999999999996       0.68998196917333066     
  0.73999999999999999       0.71734201200368475     
  0.77000000000000002       0.74481227365727420     
  0.79999999999999982       0.77242576873082891     
  0.82999999999999985       0.80022901572682492     
  0.85999999999999988       0.82829142482535612     
  0.88999999999999990       0.85672459820670588     
  0.91999999999999993       0.88572790921720412     
  0.94999999999999996       0.91572163740269674     
  0.97999999999999998       0.94792056393645863     
   1.0099999999999998        1.0000000000000000     
   1.0400000000000000        1.0000000000000000     
   1.0699999999999998        1.0000000000000000     
   1.1000000000000001        1.0000000000000000     
   1.1299999999999999        1.0000000000000000     
   1.1600000000000001        1.0000000000000000     
   1.1899999999999999        1.0000000000000000     
   1.2199999999999998        1.0000000000000000     
   1.2500000000000000        1.0000000000000000     
   1.2799999999999998        1.0000000000000000     
   1.3100000000000001        1.0000000000000000     
   1.3399999999999999        1.0000000000000000     
   1.3700000000000001        1.0000000000000000     
   1.3999999999999999        1.0000000000000000     
   1.4299999999999997        1.0000000000000000     
   1.4600000000000000        1.0000000000000000     
   1.4899999999999998        1.0000000000000000     
   1.5200000000000000        1.0000000000000000     
   1.5499999999999998        1.0000000000000000     
   1.5800000000000001        1.0000000000000000     
   1.6099999999999999        1.0000000000000000     
   1.6399999999999997        1.0000000000000000     
   1.6699999999999999        1.0000000000000000     
   1.6999999999999997        1.0000000000000000     
   1.7300000000000000        1.0000000000000000     
   1.7599999999999998        1.0000000000000000     
   1.7900000000000000        1.0000000000000000     
   1.8199999999999998        1.0000000000000000     
   1.8500000000000001        1.0000000000000000     
   1.8799999999999999        1.0000000000000000     
   1.9099999999999997        1.0000000000000000     
   1.9399999999999999        1.0000000000000000     
