  -1.0000000000000000        0.0000000000000000     
 -0.96999999999999997        4.5740377713664361E-011
 -0.93999999999999995        4.5740377713664349E-011
 -0.91000000000000003        1.5187257626436646E-009
 -0.88000000000000000        1.5187257626436638E-009
 -0.84999999999999998        2.4459378237953418E-008
 -0.82000000000000006        2.4459378237953418E-008
 -0.79000000000000004        2.5452591579482792E-007
 -0.76000000000000001        2.5452591579482781E-007
 -0.72999999999999998        1.9233699851266932E-006
 -0.69999999999999996        1.9233699851266924E-006
 -0.67000000000000004        1.1246411722975143E-005
 -0.64000000000000001        1.1246411722975138E-005
 -0.60999999999999999        5.2947507676127645E-005
 -0.58000000000000007        5.2947507676127638E-005
 -0.55000000000000004        2.0622255518555383E-004
 -0.52000000000000002        2.0622255518555374E-004
 -0.48999999999999999        6.7775688156280264E-004
 -0.45999999999999996        6.7775688156280242E-004
 -0.43000000000000005        1.9088608329107270E-003
 -0.40000000000000002        1.9088608329107274E-003
 -0.37000000000000000        4.6686483692756449E-003
 -0.34000000000000008        4.6686483692756466E-003
 -0.31000000000000005        1.0041654434435960E-002
 -0.28000000000000003        1.0041654434435963E-002
 -0.25000000000000000        1.9243319700038272E-002
 -0.21999999999999997        1.9243319700038279E-002
 -0.19000000000000006        3.3313289964223516E-002
 -0.16000000000000003        3.3313289964223509E-002
 -0.13000000000000000        5.2846313787093896E-002
 -0.10000000000000009        5.2846313787093896E-002
  -7.0000000000000062E-002   7.7899656341584550E-002
  -4.0000000000000036E-002   7.7899656341584550E-002
  -1.0000000000000009E-002  0.10808619966965315     
   2.0000000000000018E-002  0.10808619966965315     
   5.0000000000000044E-002  0.14275918733220752     
   8.0000000000000071E-002  0.14275918733220752     
  0.10999999999999988       0.18118856524321109     
  0.13999999999999990       0.18118856524321109     
  0.16999999999999993       0.22267983207963771     
  0.19999999999999996       0.22267983207963771     
  0.22999999999999998       0.26663310605857937     
  0.26000000000000001       0.26663310605857937     
  0.29000000000000004       0.31256051316220662     
  0.31999999999999984       0.31256051316220662     
  0.34999999999999987       0.36008123745299508     
  0.37999999999999989       0.36008123745299508     
  0.40999999999999992       0.40890780055293585     
  0.43999999999999995       0.40890780055293591     
  0.46999999999999997       0.45883126747618563     
  0.50000000000000000       0.45883126747618563     
  0.53000000000000003       0.50970923538458923     
  0.56000000000000005       0.50970923538458923     
  0.58999999999999986       0.56145866757956953     
  0.61999999999999988       0.56145866757956941     
  0.64999999999999991       0.61405556799514138     
  0.67999999999999994       0.61405556799514138     
  0.70999999999999996       0.66754547300700007     
  0.73999999999999999       0.66754547300700007     
  0.77000000000000002       0.72207516018330709     
  0.79999999999999982       0.72207516018330697     
  0.82999999999999985       0.77797706855532900     
  0.85999999999999988       0.77797706855532889     
  0.88999999999999990       0.83602560202838261     
  0.91999999999999993       0.83602560202838272     
  0.94999999999999996       0.89855339553361380     
  0.97999999999999998       0.89855339553361380     
   1.0099999999999998        1.0000000000000000     
   1.0400000000000000        1.0000000000000000     
   1.0699999999999998        1.0000000000000000     
   1.1000000000000001        1.0000000000000000     
   1.1299999999999999        1.0000000000000000     
   1.1600000000000001        1.0000000000000000     
   1.1899999999999999        1.0000000000000000     
   1.2199999999999998        1.0000000000000000     
   1.2500000000000000        1.0000000000000000     
   1.2799999999999998        1.0000000000000000     
   1.3100000000000001        1.0000000000000000     
   1.3399999999999999        1.0000000000000000     
   1.3700000000000001        1.0000000000000000     
   1.3999999999999999        1.0000000000000000     
   1.4299999999999997        1.0000000000000000     
   1.4600000000000000        1.0000000000000000     
   1.4899999999999998        1.0000000000000000     
   1.5200000000000000        1.0000000000000000     
   1.5499999999999998        1.0000000000000000     
   1.5800000000000001        1.0000000000000000     
   1.6099999999999999        1.0000000000000000     
   1.6399999999999997        1.0000000000000000     
   1.6699999999999999        1.0000000000000000     
   1.6999999999999997        1.0000000000000000     
   1.7300000000000000        1.0000000000000000     
   1.7599999999999998        1.0000000000000000     
   1.7900000000000000        1.0000000000000000     
   1.8199999999999998        1.0000000000000000     
   1.8500000000000001        1.0000000000000000     
   1.8799999999999999        1.0000000000000000     
   1.9099999999999997        1.0000000000000000     
   1.9399999999999999        1.0000000000000000     
